74	102
92	123
37	64
69	109
56	93
33	72
54	93
28	65
39	89
62	99
49	87
58	99
43	87
44	113
69	112
31	81
53	121
58	97
45	75
32	65
61	104
42	99
66	106
45	87
47	80
39	70
46	75
47	103
58	98
76	145
53	97
45	74
44	80
30	62
39	72
50	89
49	92
49	92
66	124
35	89
15	55
35	78
56	109
31	81
51	120
30	83
19	83
34	97
64	138
37	76
63	93
74	97
33	73
29	71
63	110
27	65
25	62
32	84
47	86
24	61
51	91
26	84
29	89
25	71
28	78
21	90
76	115
39	69
61	98
27	69
30	82
25	62
31	72
36	67
50	80
28	61
27	90
21	62
28	76
22	59
52	86
34	69
23	54
22	66
24	63
60	100
28	71
23	79
22	80
27	61
60	105
21	76
30	82
32	93
22	76
47	106
30	95
46	122
70	102
11	43
61	89
21	62
26	66
57	100
46	83
17	58
18	71
31	70
25	65
25	75
41	83
52	113
33	79
48	98
31	99
65	102
48	84
45	79
35	76
33	84
24	61
43	85
48	82
26	59
45	75
51	111
47	88
54	105
22	55
25	57
46	82
31	55
21	55
20	65
38	80
20	61
31	81
12	72
35	71
30	77
23	78
22	72
37	90
21	83
31	106
41	98
18	85
18	53
29	64
26	53
26	68
24	70
34	70
46	87
27	64
56	108
39	75
45	82
59	102
56	99
50	111
32	73
27	79
44	114
36	81
50	81
44	85
50	96
26	77
30	61
36	77
24	57
39	71
55	83
22	86
47	91
38	88
32	65
24	54
51	82
23	54
21	55
46	89
38	78
26	66
25	75
19	85
31	68
48	98
31	89
27	83
32	86
23	83
53	105
15	84
25	100
36	71
53	84
26	53
28	70
35	78
62	96
61	101
23	58
44	91
26	68
52	90
66	109
42	84
49	104
36	77
42	93
38	108
36	79
33	61
49	82
27	76
56	106
30	65
30	67
43	73
51	81
24	58
17	85
30	72
44	101
48	78
23	53
29	62
18	46
23	62
43	86
30	69
37	81
46	95
38	104
49	91
23	75
25	82
24	79
43	98
23	78
61	123
53	111
13	79
35	68
21	51
25	54
29	69
26	69
49	90
62	100
45	82
45	95
27	65
49	87
31	73
30	73
41	105
47	93
34	82
46	114
28	70
43	74
21	51
34	80
25	75
33	67
24	60
28	57
62	92
26	50
33	90
24	68
51	101
48	78
33	64
46	81
24	53
23	59
42	85
52	87
39	77
26	71
59	119
35	75
40	91
22	82
39	92
53	108
24	77
43	100
26	87
19	92
54	89
42	72
25	48
25	67
45	87
29	64
28	67
22	58
15	65
56	97
24	65
62	110
40	81
33	96
49	96
27	78
26	91
44	85
49	76
16	49
28	70
17	74
48	83
31	69
58	88
31	63
52	79
24	74
24	62
28	77
54	88
51	87
25	60
26	53
29	64
26	73
26	60
39	79
25	72
55	114
31	69
31	78
23	75
42	95
34	84
48	100
19	79
39	102
17	82
50	84
27	57
27	58
36	75
34	78
43	81
34	71
24	60
57	108
34	73
32	67
38	88
25	68
21	84
25	71
32	80
23	92
45	84
57	93
23	58
27	71
32	89
20	57
27	64
44	77
61	91
13	42
52	107
36	77
38	91
20	56
52	91
25	59
26	56
37	82
40	90
48	86
33	72
39	95
22	82
45	90
28	80
32	91
43	96
55	115
30	92
50	111
45	108
52	131
68	104
21	52
11	40
22	61
29	76
29	64
38	81
26	66
25	77
22	65
31	71
34	82
24	69
51	116
23	72
31	81
23	91
33	79
25	60
32	67
33	85
39	94
33	76
34	74
26	56
27	60
46	80
50	106
30	72
50	109
53	86
28	66
51	84
54	84
39	76
21	69
37	73
41	86
23	72
23	88
31	74
28	78
42	100
38	95
31	88
43	103
35	96
23	88
28	93
36	74
68	99
47	77
27	70
31	73
31	61
27	72
22	61
37	84
50	93
50	88
29	78
26	72
39	95
59	105
29	78
53	125
51	88
44	73
19	55
26	75
31	88
27	64
26	67
47	80
58	90
16	50
53	111
26	69
41	95
47	85
19	57
49	82
47	76
30	71
25	70
22	59
56	97
38	90
25	89
47	91
16	64
39	96
22	77
39	98
48	107
32	97
22	86
21	84
29	64
54	81
82	109
53	87
28	57
61	89
34	68
61	86
65	103
36	61
40	71
55	99
43	83
89	141
35	82
54	100
50	97
46	91
78	105
58	92
50	83
47	82
35	67
31	53
47	71
31	57
48	74
39	106
55	87
30	73
68	106
43	71
55	83
26	54
42	81
31	69
57	94
70	107
38	86
28	83
43	81
37	89
46	103
30	77
31	83
26	73
25	80
30	84
56	131
49	82
47	73
47	72
35	72
45	71
26	54
31	65
59	88
28	65
63	96
31	65
25	71
24	57
55	109
33	79
27	69
26	72
31	77
50	76
44	74
51	84
42	78
23	49
39	66
28	53
26	52
57	83
37	91
59	91
36	81
21	59
56	85
26	55
20	51
58	98
60	101
27	66
38	75
24	76
25	75
50	84
25	75
63	117
25	73
52	103
26	72
21	74
26	77
28	106
21	55
56	85
51	77
23	58
55	83
34	62
28	61
44	75
21	60
37	66
32	67
35	73
42	80
24	78
39	86
49	88
41	90
24	64
59	84
39	69
49	80
61	95
30	61
40	67
54	79
54	81
27	52
28	87
45	77
26	69
34	68
34	63
27	62
19	47
41	83
50	91
48	94
22	63
26	77
45	103
30	70
21	72
32	89
22	67
48	101
54	103
41	92
32	86
20	102
22	57
46	76
20	43
14	52
23	49
26	51
48	85
24	59
77	110
33	69
25	58
44	79
39	75
31	83
46	90
25	63
56	105
28	73
24	53
34	65
21	57
58	93
24	59
40	70
21	51
46	72
26	53
49	117
42	77
31	73
48	82
29	56
52	87
35	64
18	56
49	90
20	55
52	94
47	99
25	76
23	60
49	98
24	73
24	68
22	70
27	71
64	119
47	102
24	98
27	57
26	56
26	56
37	74
46	68
29	63
33	63
64	95
61	95
41	77
28	62
40	83
31	69
43	96
21	66
46	81
34	86
27	71
26	53
26	58
30	60
49	83
24	54
31	59
50	76
56	79
58	88
26	87
51	83
34	76
50	81
28	59
24	54
50	76
55	97
22	64
22	61
37	78
22	66
22	74
25	64
22	69
23	77
28	73
48	94
56	101
46	97
21	73
20	96
46	77
51	80
15	41
23	62
22	47
33	63
26	60
26	56
30	66
64	98
26	62
52	94
33	67
38	95
58	99
44	82
36	89
48	90
57	85
24	55
26	58
27	61
54	85
36	62
42	67
53	75
50	76
22	89
51	79
35	77
60	97
52	81
23	57
22	49
39	76
40	78
16	62
23	65
48	93
32	76
54	94
49	98
26	78
41	86
22	69
26	69
56	107
50	101
21	98
55	86
30	59
26	52
26	62
18	44
46	78
59	93
33	65
58	91
48	81
58	84
48	89
26	61
26	80
37	84
51	88
27	76
26	64
30	61
27	57
40	73
29	59
25	54
32	54
47	71
56	82
48	78
31	93
26	60
62	106
56	90
48	78
23	52
24	51
28	64
57	96
50	87
38	80
36	92
22	72
23	60
25	71
25	80
61	106
55	101
20	65
48	98
27	77
35	106
55	85
57	85
60	86
33	68
57	84
55	88
44	76
36	66
35	72
48	82
44	72
47	89
47	82
31	83
43	90
54	96
41	91
37	77
31	61
51	81
51	74
25	60
45	79
50	74
27	53
55	80
25	50
43	103
37	72
43	88
37	74
30	61
54	86
51	77
44	83
36	74
27	67
20	61
22	68
56	105
54	92
24	72
61	113
28	72
33	85
21	64
50	102
25	77
22	96
30	56
47	74
24	50
40	77
29	56
31	62
56	90
59	91
41	81
47	79
25	60
34	76
38	73
63	113
50	94
46	80
27	77
44	85
27	55
52	82
65	95
52	84
55	85
37	63
46	69
44	67
50	76
24	84
31	65
29	70
26	61
62	92
58	90
39	63
58	96
28	65
39	75
31	70
50	96
53	99
41	79
21	74
48	98
52	96
34	82
27	67
55	107
26	76
38	119
28	58
78	108
26	50
26	59
19	45
41	73
26	56
37	66
29	67
57	88
21	54
43	84
53	88
29	80
28	67
36	74
27	74
38	80
28	55
57	87
41	71
32	66
21	52
25	47
20	50
70	95
41	67
49	113
51	84
34	75
30	67
26	54
53	85
59	83
39	79
27	68
29	71
23	60
37	81
32	80
37	79
54	102
27	79
39	84
29	72
24	65
17	68
49	99
43	116
77	113
56	84
26	50
82	115
29	56
46	91
38	73
54	85
42	85
46	82
62	103
58	89
61	98
64	133
62	108
38	76
33	78
44	82
23	58
59	92
34	70
66	105
50	76
54	81
54	83
47	80
54	82
63	123
61	98
52	105
73	113
49	80
58	97
51	81
51	94
77	122
38	82
44	84
76	129
40	94
56	99
50	104
48	106
76	123
39	93
62	118
39	104
54	121
43	108
47	79
28	54
26	47
36	74
60	88
59	94
46	84
20	51
71	109
20	49
64	113
30	59
27	66
64	131
21	74
37	72
57	105
65	102
47	86
61	94
22	59
59	99
37	64
60	87
40	71
43	77
46	78
27	82
31	75
55	105
32	64
52	84
33	71
27	57
49	94
70	116
63	109
23	64
27	84
47	104
32	82
32	86
57	116
61	108
71	123
25	78
40	105
21	87
43	119
31	61
30	58
15	40
24	57
34	60
55	100
24	61
29	63
29	67
26	56
39	77
23	58
33	71
48	108
53	101
37	76
39	90
39	78
30	66
35	64
37	76
31	70
30	59
61	85
23	55
78	110
22	56
33	91
29	76
42	96
30	64
48	77
62	102
29	60
52	94
63	106
44	91
48	95
26	80
63	119
45	93
30	84
35	97
32	79
56	111
28	86
30	91
49	114
60	138
41	72
22	49
57	80
23	62
23	53
46	92
27	67
29	66
38	78
35	66
54	105
44	75
40	77
63	124
68	114
59	97
71	122
44	82
31	71
68	96
38	74
39	78
27	57
29	59
29	63
33	64
25	58
35	89
28	70
27	78
30	66
27	55
29	73
41	74
44	86
29	73
31	90
47	92
39	94
27	84
34	80
50	105
32	89
43	89
58	114
20	73
48	113
40	110
34	105
28	58
47	73
32	58
45	84
31	56
19	62
28	73
33	66
63	108
26	58
30	67
26	60
53	90
35	98
40	89
31	69
52	103
57	92
28	64
61	89
56	90
27	66
50	79
60	86
47	79
64	95
52	86
30	86
25	69
46	98
53	90
55	84
31	74
17	51
31	76
21	65
28	82
52	97
53	110
54	111
54	102
26	77
31	96
34	85
34	81
59	113
23	89
22	83
37	110
62	99
36	62
70	96
57	85
43	75
34	78
28	70
61	95
32	75
45	82
44	82
28	61
49	88
31	93
58	107
38	69
33	79
35	78
54	95
70	100
31	68
31	69
30	59
59	85
34	65
41	70
58	90
20	73
29	76
28	81
52	87
43	74
24	70
59	93
64	111
65	112
29	83
25	70
58	112
25	81
39	84
37	88
62	119
5	53
32	83
42	98
69	129
25	90
30	91
27	61
42	71
41	65
26	58
34	65
60	104
31	73
27	59
42	87
45	77
43	81
37	74
54	94
55	117
24	69
24	60
38	84
32	71
33	68
54	87
39	79
28	62
56	85
28	58
26	55
41	75
25	59
29	80
30	74
49	97
30	66
25	51
43	87
48	80
29	74
31	79
36	88
54	98
54	109
27	84
36	77
61	113
37	91
60	110
52	101
57	113
30	92
25	89
32	102
33	64
22	52
53	75
49	84
42	75
24	72
64	112
34	62
30	74
42	70
38	77
57	95
46	84
34	93
32	76
28	64
53	101
36	76
46	84
60	95
25	65
49	88
29	57
63	95
28	60
47	73
19	52
35	87
28	75
29	77
36	71
42	68
33	72
31	66
44	86
47	93
41	92
46	94
40	99
35	89
26	67
62	111
26	79
27	74
44	93
26	82
21	83
24	88
45	116
27	63
52	82
53	76
36	69
54	84
21	65
32	72
32	65
23	68
37	69
33	74
34	71
25	63
28	92
56	103
41	73
28	75
45	81
27	67
51	82
46	84
28	71
55	81
44	70
17	48
55	83
47	79
4	51
54	104
53	102
42	76
58	87
40	81
28	64
32	74
27	72
28	70
29	77
26	84
33	88
41	85
55	100
53	110
59	104
38	86
23	76
63	127
24	90
70	141
35	70
61	87
29	54
33	67
60	90
36	80
25	65
50	83
19	60
40	69
41	80
25	60
31	69
41	101
44	93
23	58
39	87
34	73
30	65
27	59
28	67
30	70
52	80
50	80
61	96
37	66
52	85
63	112
45	95
37	88
26	63
27	56
59	101
61	94
58	105
40	87
42	88
29	74
31	89
63	118
27	70
24	71
28	82
31	78
31	77
54	104
33	104
36	102
34	88
44	74
28	53
21	41
33	67
21	49
46	79
56	86
37	61
28	62
44	75
34	73
60	107
27	74
53	124
72	127
48	89
27	82
64	105
64	105
42	76
25	62
48	85
52	86
56	87
66	97
53	75
53	91
45	125
42	85
56	113
36	76
51	77
55	97
55	77
50	94
31	85
50	90
67	113
42	89
71	133
44	90
36	83
45	93
51	101
27	85
33	94
66	136
30	83
67	142
57	88
25	51
18	38
49	91
18	49
24	64
25	61
33	63
22	63
54	87
30	68
64	106
48	89
39	121
38	92
42	83
38	95
36	82
35	77
31	59
29	67
44	79
60	89
37	72
39	67
36	68
44	78
73	138
42	88
30	88
35	75
62	95
68	116
23	49
29	74
38	95
31	72
29	71
23	65
46	114
50	89
33	83
58	109
39	86
35	83
44	109
34	106
43	93
45	129
16	47
45	72
19	44
27	67
53	85
26	70
23	57
29	54
19	63
30	62
55	90
28	74
31	77
43	119
20	66
33	80
26	77
39	82
42	82
53	89
54	89
56	96
51	83
51	82
70	100
32	63
60	96
76	142
38	81
41	101
67	109
30	64
47	92
25	55
57	109
40	94
43	87
59	99
62	109
33	96
57	100
21	68
25	74
24	75
28	83
52	106
63	127
86	145
53	134
19	52
23	51
18	44
20	62
31	66
36	84
34	70
27	62
44	88
35	72
50	92
46	92
42	83
42	113
40	95
61	104
69	123
27	71
55	97
35	74
29	67
28	67
41	69
53	89
43	76
63	96
65	103
49	116
54	101
25	92
37	76
28	62
35	80
35	65
67	121
57	109
36	83
64	111
54	101
26	96
66	105
33	79
18	71
27	83
27	72
58	115
33	101
34	91
26	110
17	47
20	48
15	39
17	61
19	51
18	65
25	63
45	72
5	53
50	88
23	63
52	94
59	103
60	129
57	118
75	118
48	100
63	109
30	66
29	67
37	72
36	72
37	70
36	67
28	57
28	56
44	82
51	115
45	90
42	95
38	79
23	59
34	76
52	81
31	81
38	91
32	74
53	99
25	69
44	105
46	91
54	105
32	79
38	95
34	78
66	123
23	90
24	83
72	160
51	81
17	42
16	45
40	82
20	55
17	57
26	63
35	70
18	63
28	64
34	71
24	71
35	80
37	118
30	93
44	89
39	94
57	103
34	75
26	58
47	79
46	82
39	65
42	72
35	59
34	65
62	104
31	95
45	79
29	89
72	113
35	67
67	108
36	72
61	109
71	130
34	78
35	79
72	121
45	101
59	95
76	128
33	85
34	83
32	69
58	118
21	83
28	82
5	104
17	44
54	79
15	44
33	69
26	57
27	73
29	67
19	51
26	71
41	71
67	102
22	60
45	87
41	114
56	125
74	114
36	81
28	69
28	66
35	71
28	63
55	93
35	62
40	73
37	65
39	70
38	76
35	97
34	76
35	86
58	100
28	57
73	117
31	57
34	79
25	83
55	92
58	100
67	111
59	117
60	92
35	77
35	87
26	76
24	69
30	88
54	113
45	97
27	115
43	74
21	49
16	43
39	74
20	53
48	94
24	59
35	65
21	65
27	61
36	74
29	72
33	73
29	111
53	113
70	111
26	74
34	73
33	64
33	66
42	79
30	66
37	73
60	96
42	70
34	62
39	77
29	94
21	62
40	89
69	104
37	65
74	116
29	55
43	87
29	82
58	92
56	93
74	119
59	115
33	70
51	99
28	80
58	110
30	79
64	124
26	86
31	85
25	114
47	72
21	49
18	44
17	57
18	51
29	72
25	58
35	68
25	65
48	80
31	69
21	65
32	80
41	108
71	131
64	105
80	135
26	66
38	82
40	75
41	74
78	109
66	93
38	69
72	96
55	86
43	81
35	98
26	64
38	82
40	75
33	63
60	98
27	52
43	88
35	86
50	93
24	69
30	73
32	93
55	91
25	67
34	87
19	70
24	68
28	84
30	96
26	75
29	110
50	80
28	56
41	64
26	58
25	58
40	82
29	66
42	72
30	71
37	73
27	65
25	70
56	101
28	89
40	103
46	89
46	96
31	72
37	77
66	103
35	71
64	100
39	72
58	92
67	92
32	63
68	107
35	98
31	74
50	99
35	70
62	93
45	86
33	67
36	80
43	99
40	78
47	95
29	82
45	99
54	90
43	91
40	93
22	72
52	96
28	87
56	119
19	80
77	156
30	60
49	77
21	52
30	75
39	76
50	107
73	110
39	86
48	97
47	93
56	102
72	117
36	76
33	109
33	85
63	98
52	125
22	64
64	104
59	96
30	74
78	117
55	107
74	99
43	74
47	74
37	80
53	112
31	73
28	85
31	70
20	55
60	107
39	68
75	119
73	121
48	94
64	115
54	126
49	113
50	91
44	98
63	145
52	105
42	109
33	90
37	104
64	127
47	157
17	47
55	90
51	84
24	75
22	72
40	93
45	85
56	109
17	61
46	93
42	91
65	110
39	80
34	111
24	74
30	67
23	94
31	63
33	72
56	88
22	65
44	84
20	59
50	75
47	75
26	54
53	95
58	121
58	99
45	104
14	58
34	67
43	85
17	43
25	66
56	107
18	66
24	76
14	79
19	91
53	93
28	78
20	99
37	83
58	118
54	110
47	123
29	90
25	131
32	69
31	68
25	59
66	118
24	66
43	95
32	69
16	70
68	126
22	69
32	84
54	99
41	84
18	94
21	71
57	93
25	92
22	55
22	54
65	102
36	73
52	92
18	63
37	61
21	51
34	62
46	87
51	112
17	54
26	83
41	81
17	51
49	97
31	59
23	66
21	76
54	107
47	100
18	87
30	97
22	58
63	115
28	88
18	65
24	84
27	81
53	112
9	69
43	149
55	91
38	67
39	72
35	80
37	88
28	79
40	73
26	77
50	94
41	94
34	81
25	70
24	67
32	102
45	90
56	91
47	97
27	59
58	96
42	76
45	88
56	95
19	71
50	74
35	61
35	69
20	59
37	93
44	75
19	72
18	50
60	93
54	94
39	69
53	101
28	81
49	104
50	103
69	134
55	125
26	62
48	105
21	89
67	119
22	80
29	83
21	81
23	83
59	155
60	91
27	59
66	101
43	98
30	73
28	84
30	67
41	88
45	88
42	99
30	81
63	107
35	76
43	112
34	78
33	64
63	108
32	73
22	62
54	89
22	58
49	91
46	89
52	76
42	76
28	57
40	79
44	110
45	77
27	78
40	78
49	80
49	82
28	57
47	99
39	94
22	78
26	81
52	115
43	105
25	58
26	81
56	124
48	99
20	78
58	113
28	87
16	78
30	131
31	68
63	95
21	63
48	97
57	101
41	92
21	56
22	73
21	64
28	76
38	84
25	69
37	76
45	118
43	87
26	59
24	74
36	83
49	85
18	51
45	83
26	61
24	72
54	78
29	57
36	61
52	92
55	116
39	77
23	77
30	68
23	57
34	75
43	71
27	73
28	83
23	74
45	95
22	85
15	82
63	101
23	81
21	93
45	100
23	81
23	80
29	90
24	83
59	154
52	86
41	67
54	89
40	86
47	89
34	90
47	76
22	74
51	93
35	78
44	93
43	89
19	59
54	121
21	70
23	52
23	75
37	80
20	60
22	52
25	67
61	103
42	80
46	73
49	75
50	79
39	77
58	113
20	55
21	72
21	54
58	92
18	56
50	80
62	109
21	76
23	74
22	76
24	94
21	80
55	97
31	85
18	89
46	95
30	86
57	118
21	78
29	88
22	120
53	85
52	75
49	82
25	69
37	88
22	73
23	55
53	122
20	60
40	80
47	92
27	68
47	83
42	115
47	92
47	81
47	96
47	84
41	84
33	68
25	63
24	59
46	89
43	71
53	79
28	58
24	67
24	86
38	66
19	75
30	66
39	71
51	90
19	53
26	78
21	85
20	75
31	86
21	88
24	83
44	83
43	96
22	95
17	71
50	107
23	80
24	87
22	80
40	142
24	55
20	48
61	93
24	66
20	62
40	90
62	96
32	80
44	88
54	103
43	85
59	104
34	69
40	104
55	100
22	53
58	110
56	94
41	80
57	100
24	61
44	83
59	99
23	51
26	53
21	51
42	88
26	78
9	46
53	108
44	81
21	51
40	76
13	43
50	101
22	76
25	81
25	75
56	125
21	81
21	57
16	68
51	128
54	103
49	100
26	85
29	86
44	102
39	141
26	55
28	58
36	69
24	68
21	66
29	80
39	76
24	72
32	77
23	70
30	76
35	77
41	82
22	83
25	68
21	59
36	85
40	82
34	73
50	82
52	90
61	100
55	93
38	60
21	48
25	55
29	73
57	113
24	60
22	76
29	63
53	86
58	94
45	76
39	91
21	74
28	83
46	97
30	101
26	83
54	85
44	96
41	117
49	98
36	91
22	80
38	101
56	118
24	126
54	85
22	44
31	59
43	79
63	92
33	74
40	79
58	102
77	130
39	82
40	70
84	124
81	120
37	109
57	103
34	72
65	118
43	83
77	104
27	69
41	81
27	59
48	78
29	54
51	76
53	75
67	100
32	93
35	76
4	62
4	33
3	27
43	77
86	108
68	105
79	119
55	103
58	93
85	140
15	68
57	109
66	122
33	89
57	111
36	99
70	127
33	100
74	127
43	134
66	101
63	86
30	59
55	98
23	52
30	62
59	101
24	61
48	101
22	56
44	80
39	81
43	80
45	125
27	71
66	107
52	99
28	69
55	82
24	66
35	74
54	94
23	50
46	72
25	50
54	86
25	59
22	82
24	67
44	108
28	58
55	86
45	86
22	45
26	65
50	91
21	73
48	86
25	84
24	74
23	70
19	71
57	116
51	104
23	89
11	68
32	96
63	122
48	134
53	88
54	75
25	56
64	107
27	56
25	62
50	88
35	80
45	94
27	64
33	66
33	77
27	67
25	100
52	95
59	97
33	85
50	94
17	49
28	71
66	101
51	92
28	58
24	50
24	49
25	56
19	58
25	86
36	79
48	112
31	61
33	60
38	79
45	70
22	71
37	80
17	66
52	92
28	85
49	100
50	98
27	77
17	82
49	103
23	89
54	116
34	98
23	82
23	112
42	76
23	51
30	64
61	99
45	75
29	63
54	95
66	108
59	113
25	66
30	64
59	100
68	112
54	129
41	85
22	61
55	106
22	67
63	95
57	105
28	65
36	74
35	65
53	82
23	50
26	56
23	52
57	115
61	103
59	119
22	53
51	82
22	57
42	76
43	91
45	88
43	96
23	62
34	92
28	77
41	94
61	111
23	88
48	97
54	112
23	81
30	92
15	75
50	138
60	98
27	58
61	95
44	82
35	69
29	62
59	96
54	97
40	94
49	92
25	61
25	68
50	93
64	136
49	94
24	64
15	67
61	106
8	32
50	94
29	65
22	60
23	55
32	57
58	85
30	62
33	68
25	86
42	87
26	90
36	68
29	60
24	60
23	48
52	99
35	81
21	72
23	63
25	81
30	88
30	75
49	106
25	93
36	89
29	89
26	86
25	89
22	86
30	111
47	79
27	58
23	57
29	72
53	91
27	60
24	65
44	85
25	75
65	103
27	60
59	101
56	97
27	99
52	97
46	88
37	93
61	106
28	58
25	67
25	64
26	66
46	75
27	54
24	50
19	51
25	59
58	116
51	92
30	90
25	59
33	63
18	57
57	81
57	101
37	82
27	75
54	95
26	88
33	84
56	107
21	77
47	110
61	114
35	95
44	106
23	95
34	104
26	114
23	55
39	68
27	60
39	82
63	93
23	61
59	97
51	91
65	118
60	94
61	95
44	89
57	97
42	110
53	95
54	96
28	86
49	92
24	55
41	80
27	63
55	96
60	90
26	52
16	43
20	49
28	67
41	99
24	62
20	77
15	49
18	47
47	86
39	67
37	84
55	103
38	89
18	66
54	114
58	116
23	67
56	112
29	85
47	97
28	89
48	109
21	86
53	114
25	109
39	75
25	55
24	56
24	68
44	75
29	62
25	65
28	69
24	73
26	62
30	65
55	97
40	82
48	114
33	73
38	79
51	107
61	105
30	58
25	68
20	65
16	53
26	58
31	57
19	45
26	59
25	61
60	117
59	100
27	81
22	57
51	79
57	95
20	49
19	59
58	101
21	72
38	83
27	82
36	91
51	104
38	91
22	76
31	84
26	78
20	75
52	111
21	80
22	106
23	56
57	86
22	57
50	90
29	56
25	61
60	99
47	90
22	70
49	87
58	93
63	108
61	97
54	123
53	99
24	59
26	86
27	70
22	53
59	102
21	57
26	66
24	54
41	71
28	54
42	74
23	58
25	78
52	94
23	84
24	53
19	47
63	96
44	71
24	66
19	67
49	99
52	91
31	87
53	107
47	95
4	59
54	114
19	69
58	111
56	113
19	79
19	81
23	102
58	88
23	54
26	60
40	76
26	52
47	84
26	66
26	67
26	75
39	77
64	98
37	78
41	81
30	97
46	91
29	67
27	82
37	78
42	73
56	101
29	71
46	82
56	89
27	55
27	52
26	55
27	58
24	78
31	74
54	113
27	62
18	47
48	84
26	53
21	60
53	99
45	93
34	74
23	80
21	72
32	80
52	104
23	84
32	85
38	89
51	111
25	89
19	77
44	129
36	81
56	82
30	63
54	93
37	76
30	99
38	97
49	107
35	89
57	103
33	69
56	110
34	81
70	152
36	92
8	49
37	89
47	90
52	86
43	76
55	92
71	102
63	99
54	81
57	84
68	91
55	81
33	78
48	87
44	110
30	63
42	69
43	78
41	65
38	78
43	86
41	79
45	82
50	94
40	91
42	80
43	97
58	118
49	93
50	97
34	87
49	113
64	119
42	110
32	72
39	69
29	64
70	107
50	92
50	113
33	82
31	86
52	106
28	69
31	72
57	104
43	90
39	106
22	77
33	73
43	93
24	61
23	54
13	51
22	56
43	73
22	57
66	91
26	47
27	49
29	55
26	68
69	107
56	122
57	94
45	72
28	64
18	43
26	67
31	76
24	62
49	89
35	85
22	68
58	93
52	108
22	83
26	72
25	71
20	66
57	120
24	79
78	150
28	68
67	97
20	55
49	89
50	95
16	77
58	108
27	82
51	106
26	65
22	57
44	94
56	104
21	84
26	78
30	66
56	110
25	60
22	56
20	48
56	90
24	58
25	61
41	67
60	84
64	88
47	73
58	101
47	88
25	85
24	59
57	84
21	50
52	76
22	61
22	66
21	59
4	44
40	89
53	103
41	77
42	91
22	82
19	65
48	90
56	110
25	85
26	74
34	107
66	106
30	64
28	61
28	67
59	101
53	116
65	119
28	80
25	78
34	71
55	95
28	79
49	92
42	107
66	121
34	72
56	107
23	61
21	54
23	55
59	96
21	52
61	97
23	49
23	45
36	59
34	59
39	84
22	59
22	83
25	56
20	44
23	58
21	46
25	64
64	102
20	54
20	58
64	113
26	75
22	68
26	77
29	86
51	97
54	99
47	99
21	84
56	103
54	133
19	58
21	55
16	47
21	59
52	96
57	117
33	89
61	113
33	85
69	108
51	88
44	95
26	73
26	90
24	83
43	82
18	71
57	98
26	59
20	54
24	60
42	76
53	89
24	49
26	51
25	49
56	83
63	108
22	57
27	83
31	64
21	50
17	50
25	51
23	62
24	66
24	63
24	66
25	77
29	76
39	81
59	109
27	88
39	83
27	70
19	72
22	80
42	89
28	100
22	60
38	73
25	59
22	58
45	88
39	99
35	90
61	113
30	76
57	93
30	67
30	77
51	93
70	134
29	83
57	97
27	82
24	60
33	67
41	78
22	61
26	59
35	70
20	43
23	46
20	42
56	86
22	69
29	63
19	74
31	67
24	52
39	72
23	48
17	61
59	99
24	59
23	61
49	101
52	102
24	63
30	82
48	109
48	95
61	109
60	113
30	90
48	101
45	118
28	63
21	55
21	56
24	62
64	104
32	93
29	90
34	84
61	113
68	108
23	59
30	80
33	75
27	93
56	113
28	63
33	87
26	63
24	56
24	58
25	64
25	62
29	64
27	52
30	57
30	52
23	48
22	66
48	84
26	82
34	66
27	57
30	64
21	47
21	57
24	70
26	65
24	65
48	100
59	106
26	65
34	84
24	88
58	102
59	101
23	71
27	84
27	77
47	121
51	86
26	59
18	54
28	61
43	88
54	118
61	109
25	75
53	102
35	68
25	61
42	91
62	102
27	91
30	85
32	66
24	73
55	94
36	65
49	83
23	60
31	61
42	78
51	73
47	72
26	48
32	60
45	93
31	62
15	72
27	61
24	49
37	70
52	76
27	67
49	90
62	100
18	57
24	74
45	95
57	96
33	87
23	81
21	65
52	97
52	98
49	110
39	94
21	93
67	101
26	61
51	80
25	56
48	90
53	116
42	88
44	94
66	115
68	105
28	64
26	77
68	105
31	95
31	80
59	98
17	71
48	89
23	54
33	65
25	60
24	58
52	92
25	50
56	81
47	71
25	54
25	70
21	59
50	107
33	62
61	91
39	74
47	72
25	66
48	90
45	82
56	90
27	76
32	80
23	60
32	84
26	85
55	102
56	100
47	89
50	109
49	100
34	110
47	83
23	53
30	63
41	73
23	68
34	92
43	90
31	80
28	74
44	78
23	59
30	78
33	74
26	87
56	113
47	82
59	110
63	102
25	52
42	73
44	77
24	57
33	69
57	81
33	55
29	51
27	53
23	67
19	56
25	80
25	59
37	65
21	55
32	58
20	62
45	80
37	73
22	58
22	71
49	98
60	98
32	83
24	83
45	92
42	87
48	94
33	90
30	82
50	126
18	58
26	65
22	59
30	75
55	86
36	88
36	76
77	119
50	101
49	111
38	84
55	107
19	75
43	120
37	108
28	78
23	78
55	108
47	89
28	71
28	65
40	83
41	83
83	123
28	68
66	104
48	88
18	96
29	79
31	91
70	115
39	75
34	82
32	74
56	105
50	100
56	134
39	87
69	153
48	123
47	99
29	82
33	105
53	109
29	92
30	100
31	123
44	117
52	135
18	51
17	64
41	79
51	97
60	94
32	91
35	76
28	74
24	76
53	113
29	78
62	111
20	71
27	99
43	109
19	66
68	127
51	104
52	94
23	64
22	63
37	79
38	80
28	66
33	74
43	87
69	110
26	100
23	72
22	84
24	72
44	80
23	71
60	101
49	102
21	73
39	110
26	74
28	103
25	97
47	103
23	76
53	120
22	79
15	85
60	132
25	106
31	104
53	146
21	62
18	65
40	80
21	72
38	73
27	82
21	60
20	69
13	55
15	67
18	64
60	123
34	84
27	100
47	113
28	76
26	87
25	68
30	71
34	73
44	84
20	63
30	72
54	93
33	75
24	67
19	58
46	113
37	89
17	75
34	84
58	95
46	97
60	103
43	92
58	109
57	124
29	77
25	107
33	104
46	97
50	103
32	97
38	92
20	98
42	105
40	124
58	133
46	134
20	60
19	67
26	63
20	64
30	66
49	107
38	82
19	68
31	75
36	93
20	66
39	97
37	88
19	90
41	108
23	75
13	71
26	76
43	87
36	76
36	78
35	75
35	75
35	70
24	65
48	88
39	78
26	93
48	97
27	88
65	112
44	77
26	79
51	89
24	73
38	92
52	112
20	69
18	99
44	119
31	85
55	110
32	96
34	87
17	80
16	85
58	143
63	138
22	115
17	58
28	72
44	85
27	70
13	53
24	85
25	69
28	78
22	69
42	87
38	79
24	76
27	82
18	90
15	81
21	71
20	81
41	86
15	58
35	71
38	82
58	94
45	85
20	55
21	60
15	55
33	72
26	86
47	93
31	88
23	67
49	83
32	81
25	70
37	88
27	74
22	93
56	103
28	108
29	93
52	105
40	97
22	89
21	77
49	115
48	112
44	132
46	119
57	145
27	67
21	65
52	94
25	62
54	92
36	96
37	82
34	87
39	87
48	100
39	82
51	100
36	93
35	108
55	123
22	66
15	72
20	70
26	64
19	56
53	92
57	97
34	73
44	80
26	65
31	74
47	85
22	84
20	70
25	82
56	99
23	63
36	86
18	59
45	91
52	105
47	109
37	86
31	107
50	117
51	104
36	90
58	122
49	101
49	115
24	88
33	113
38	109
20	104
24	63
16	66
29	73
27	71
33	70
45	99
37	83
22	73
33	77
5	59
53	97
56	106
29	81
23	96
13	80
17	63
42	100
35	81
31	67
49	88
32	72
34	74
45	82
56	99
45	85
23	63
59	95
21	88
38	90
40	94
59	106
35	71
44	91
20	64
41	89
22	73
52	114
36	83
40	122
54	120
38	87
30	84
51	126
40	92
20	92
58	125
35	121
19	96
19	106
38	74
20	66
18	62
27	76
11	48
50	106
21	64
16	69
23	65
24	72
36	80
37	88
20	70
17	86
18	85
32	76
23	82
20	69
34	72
34	75
30	71
53	99
46	90
21	56
51	88
34	72
19	59
30	99
43	89
36	92
44	91
47	83
40	89
51	93
48	90
55	105
28	92
30	79
43	122
36	105
27	78
48	101
23	84
36	87
11	72
49	116
43	129
24	100
41	132
30	67
27	78
32	76
29	72
48	87
47	104
24	64
27	81
22	62
43	93
23	67
24	75
28	72
20	89
47	116
33	80
21	79
37	86
36	77
19	59
30	71
44	86
33	72
28	67
17	53
18	56
21	56
50	116
28	73
40	97
43	94
47	79
35	82
40	82
53	96
42	91
46	107
47	95
42	125
25	92
24	71
48	106
28	89
32	85
34	96
44	112
31	116
32	112
41	128
42	76
13	60
19	60
14	64
23	60
21	76
17	58
18	71
31	74
22	70
24	66
13	64
19	67
27	98
51	127
16	60
25	79
17	64
26	65
22	59
24	61
26	67
46	85
22	57
47	82
20	57
22	59
22	87
17	63
28	87
25	67
23	57
29	76
19	56
15	63
16	64
47	115
25	73
58	132
49	118
54	103
16	77
23	84
21	75
41	106
18	90
16	101
24	97
22	115
56	99
83	125
12	49
43	97
65	97
36	86
35	87
29	70
35	90
61	99
37	79
38	70
29	84
33	114
56	123
32	93
39	102
19	64
44	76
44	99
47	99
30	87
68	102
67	93
62	96
45	75
35	82
40	118
15	70
15	81
63	107
29	62
48	99
65	104
53	95
35	86
44	105
31	80
41	120
31	111
55	121
35	91
46	108
38	102
26	83
54	119
40	123
44	114
59	169
52	100
58	100
43	82
31	82
29	64
72	121
26	74
45	93
22	77
55	88
31	71
22	60
49	113
46	125
58	131
23	82
46	105
71	117
50	82
20	83
49	101
25	83
31	58
34	59
34	74
44	76
51	100
21	89
53	102
56	112
38	82
63	93
17	65
48	89
25	71
54	104
28	85
57	102
60	138
35	120
48	98
23	85
49	119
67	124
63	123
19	81
36	110
30	99
49	153
51	98
50	100
27	69
18	70
31	68
43	94
29	78
46	86
58	115
24	62
26	65
21	57
55	105
35	121
50	119
49	105
39	96
26	68
37	67
54	107
32	87
37	100
25	59
25	55
64	92
22	57
40	82
57	134
43	94
26	82
51	96
26	59
28	76
21	65
51	99
40	84
25	85
52	95
42	118
19	86
20	68
37	95
21	79
37	100
50	112
48	114
35	104
24	97
32	130
30	77
26	77
25	65
21	74
33	72
29	88
32	69
49	89
41	108
43	83
26	68
52	89
22	78
25	110
45	114
25	69
58	121
50	91
46	77
24	72
50	103
49	108
34	65
59	90
22	54
57	87
39	85
25	96
24	68
51	113
32	76
55	90
42	92
34	76
21	66
31	82
26	82
26	71
26	97
51	117
30	83
61	114
19	76
47	110
31	97
22	90
37	105
25	89
33	130
31	79
45	92
47	84
22	77
22	60
37	96
26	65
41	80
28	86
11	53
22	61
41	76
26	75
36	127
32	107
26	74
59	124
32	72
43	75
29	71
36	88
36	91
21	50
22	52
33	70
48	79
23	66
52	122
35	84
25	89
25	69
34	68
26	71
37	78
29	75
50	98
36	97
32	79
31	107
38	103
32	85
23	83
63	119
32	100
25	85
23	90
24	90
28	99
29	138
78	126
31	80
22	60
59	118
52	87
44	103
23	63
56	95
43	100
40	83
84	125
27	63
49	97
20	108
29	106
26	72
38	100
59	99
54	85
40	92
21	73
36	93
23	51
23	54
44	79
61	92
25	71
36	105
24	74
49	112
33	79
49	83
36	81
26	64
22	70
54	104
54	115
28	75
24	106
10	77
10	55
22	73
46	106
31	100
31	91
48	111
52	126
45	115
23	121
31	77
30	80
45	84
25	76
46	83
50	109
23	64
29	67
34	94
32	73
23	61
35	72
49	98
61	141
41	115
44	94
16	76
32	81
59	90
25	69
32	84
57	105
24	55
27	56
51	87
29	63
45	87
39	109
32	78
27	89
20	67
51	86
24	71
28	68
30	75
24	74
23	83
49	89
31	105
22	85
24	75
37	89
73	126
40	105
46	109
52	124
36	115
25	96
24	115
23	71
46	100
31	70
31	83
39	76
49	108
53	94
25	66
38	91
32	71
49	93
19	56
43	91
16	96
44	121
30	78
20	81
24	70
53	84
46	99
26	82
28	80
17	46
50	81
39	76
54	87
20	60
37	105
23	75
48	109
25	74
37	75
32	78
37	74
26	73
30	84
47	99
35	81
31	107
24	90
23	71
34	88
31	87
47	114
32	93
21	87
24	91
21	95
46	138
30	80
34	80
27	68
30	88
42	77
28	88
40	83
19	57
32	87
25	66
23	66
13	51
53	103
28	108
34	112
38	86
53	115
53	97
57	89
22	71
28	82
22	68
27	55
38	71
56	91
21	56
41	83
29	97
24	70
46	109
56	101
30	62
53	99
26	68
32	77
50	101
56	109
36	91
66	140
26	88
34	79
28	77
22	79
37	97
24	90
37	102
17	91
37	109
41	137
29	82
26	74
37	78
21	71
33	71
38	101
21	61
21	63
31	88
26	64
37	80
17	52
28	75
32	111
29	102
41	87
25	87
53	99
43	77
46	96
33	85
28	73
48	76
31	64
29	64
33	66
85	133
25	94
31	75
53	116
26	72
31	62
56	100
29	65
47	94
21	71
25	80
55	104
23	97
20	83
23	70
31	82
18	76
40	117
23	84
61	127
37	108
25	95
40	134
56	87
58	100
48	75
64	111
43	75
56	107
25	67
52	87
35	96
38	88
15	52
25	64
33	77
61	141
38	81
28	78
23	90
19	78
53	94
58	101
38	77
34	88
43	77
23	56
10	50
25	63
57	101
35	113
20	69
57	125
69	123
66	106
57	102
49	78
35	88
31	82
26	93
21	68
55	133
59	127
55	103
46	95
29	90
22	82
47	117
24	84
19	98
10	82
55	148
24	61
22	71
59	85
19	65
65	98
25	74
30	80
26	61
41	96
20	57
47	90
63	103
53	108
21	110
28	81
28	70
42	110
32	90
29	69
35	75
28	65
42	86
47	76
18	44
13	47
19	53
53	97
44	105
23	82
37	98
27	79
34	71
58	103
17	50
38	97
17	68
45	112
45	91
25	102
30	102
38	91
45	95
39	106
48	102
38	100
25	84
60	141
23	100
31	124
53	86
25	65
20	47
20	70
31	66
44	94
19	66
42	73
22	75
32	68
18	62
22	64
8	61
30	114
20	74
16	60
25	84
24	79
42	83
29	69
31	69
30	74
19	52
16	45
19	54
53	86
22	66
23	81
33	92
23	73
18	64
51	90
42	94
35	69
56	109
18	67
22	78
39	93
66	132
17	79
18	69
14	68
14	78
15	67
31	93
34	96
29	106
22	94
33	121
24	57
20	58
28	50
20	66
51	87
22	72
27	75
41	77
47	100
40	79
16	51
34	73
44	95
39	128
22	79
31	73
40	98
58	108
39	76
34	69
35	74
43	89
25	55
27	56
51	84
37	71
19	66
34	103
49	103
21	71
26	67
49	84
29	72
48	86
42	97
29	78
19	78
45	103
21	89
31	102
23	74
53	110
32	91
17	67
25	93
38	97
38	124
43	114
26	113
24	59
24	63
26	54
19	66
43	79
9	56
22	61
17	53
21	77
25	61
16	58
41	81
32	85
24	100
39	93
25	68
51	106
49	104
40	79
56	90
52	91
24	73
19	48
47	84
17	51
23	57
14	58
40	109
31	83
31	81
23	70
51	88
35	78
16	50
58	114
36	81
19	81
44	93
25	99
23	88
44	93
19	74
18	75
29	76
25	81
51	106
30	101
51	122
22	114
16	52
24	59
25	49
20	69
32	66
20	70
20	59
29	60
23	70
58	99
25	62
17	56
20	73
50	124
18	73
14	58
23	82
36	87
26	64
22	63
43	80
58	102
36	67
35	69
22	54
46	79
43	87
20	86
54	114
25	76
36	80
52	83
33	71
45	73
51	105
29	73
40	94
63	117
19	84
37	101
25	79
25	79
25	82
36	85
16	76
17	76
21	89
57	137
27	111
32	69
27	60
20	46
22	68
32	65
18	67
52	97
24	61
18	63
36	90
18	57
44	79
24	76
14	92
24	84
19	60
36	98
31	80
20	58
47	85
33	77
22	64
16	45
27	61
42	76
39	71
33	74
49	121
28	86
25	76
20	63
53	87
20	63
19	50
17	66
27	71
20	79
20	75
13	83
62	120
24	71
17	70
41	97
26	75
45	104
21	77
48	121
37	109
23	109
29	67
50	88
23	45
18	67
39	71
23	71
27	69
28	62
29	77
16	59
25	64
41	78
19	68
29	101
21	75
31	73
33	95
43	98
21	58
39	79
18	59
25	75
16	49
15	43
51	85
6	35
14	60
21	86
51	109
18	67
17	67
56	83
34	69
20	55
25	76
23	68
22	73
16	69
18	80
21	84
17	66
35	87
36	98
20	70
25	83
23	73
29	105
38	108
7	88
31	68
39	74
19	47
21	65
54	85
27	74
23	58
39	74
21	70
19	62
19	58
19	56
18	64
52	134
15	73
45	87
21	77
48	101
23	59
51	92
27	68
23	70
19	48
16	46
21	57
61	91
22	66
43	113
28	91
21	71
27	73
17	48
27	66
30	63
33	86
23	74
44	99
18	64
19	88
43	106
14	63
24	72
8	64
39	87
60	110
41	98
64	150
17	89
22	108
48	80
20	55
33	59
17	66
23	53
30	73
21	59
21	56
15	62
44	91
19	59
23	63
27	78
49	130
21	86
55	99
19	83
56	108
29	66
15	57
29	68
15	66
19	52
37	65
42	80
23	52
18	67
17	90
30	86
13	55
61	104
33	67
13	52
35	71
41	95
23	71
46	97
47	97
35	95
34	101
28	79
42	97
21	78
59	111
29	81
13	67
22	92
58	127
41	118
9	42
7	26
1	11
1	15
1	29
1	28
1	23
1	30
2	30
1	19
1	28
1	21
1	22
2	57
1	35
1	26
1	53
1	32
1	17
1	28
1	31
1	31
1	23
1	24
1	22
1	16
1	20
2	48
1	24
1	25
1	19
1	18
1	15
1	20
1	26
1	29
1	29
12	41
1	57
1	35
1	31
1	36
1	45
2	23
1	48
1	47
1	65
1	50
1	80
1	26
3	15
1	24
1	16
1	28
1	23
1	21
1	12
1	25
1	42
1	19
1	26
1	28
1	63
1	25
1	29
1	41
1	19
1	24
1	24
1	35
1	45
1	5
1	25
1	18
1	19
1	23
1	50
5	16
1	36
1	19
1	11
1	21
1	24
1	27
1	30
1	20
1	35
1	30
1	43
1	18
1	43
1	31
1	19
2	44
1	47
2	58
1	42
1	66
1	22
1	24
3	25
1	26
1	19
1	27
5	31
1	29
2	24
1	25
1	22
1	28
3	33
2	58
1	31
1	26
1	42
2	24
2	23
2	25
1	24
1	29
1	22
1	18
1	20
2	21
1	22
2	41
1	24
1	35
3	33
1	21
1	13
1	20
1	25
1	25
1	28
3	31
2	38
4	38
1	29
1	34
1	47
2	35
1	45
4	39
2	51
4	50
3	72
1	24
1	22
1	25
2	22
1	23
1	19
1	21
2	27
1	30
1	25
1	20
1	20
2	28
2	35
3	26
2	27
2	45
1	25
1	20
1	27
1	20
2	27
1	19
1	22
1	20
2	12
1	18
2	38
1	25
1	27
1	31
1	21
1	21
1	16
1	33
1	37
1	31
2	32
3	48
1	37
2	22
1	37
1	27
2	33
1	43
1	37
1	41
4	49
5	64
33	51
35	47
55	77
30	52
29	51
35	61
48	72
35	54
38	66
47	66
24	40
49	71
33	56
39	71
47	65
27	51
26	64
38	60
26	44
37	60
55	78
62	84
33	57
63	84
68	87
41	62
64	88
36	72
40	65
43	80
29	56
34	54
28	45
46	67
56	83
32	57
31	59
44	70
46	92
42	78
45	72
40	77
35	69
46	81
25	67
55	95
53	100
64	113
47	107
50	78
66	86
36	55
51	72
43	62
46	71
70	97
37	61
29	56
49	74
40	61
40	66
19	43
47	100
33	54
71	97
46	85
42	69
38	63
55	77
57	85
67	98
34	52
50	72
30	51
64	77
33	55
49	95
51	76
35	75
37	65
30	52
36	60
46	71
34	63
43	76
45	78
39	66
25	66
61	104
42	71
61	101
56	88
48	79
44	85
27	61
25	66
62	102
40	92
65	92
39	62
43	64
33	59
46	65
48	73
31	59
44	71
41	68
44	69
69	93
38	64
49	70
15	48
50	74
29	54
24	60
21	48
32	48
35	63
46	68
26	53
27	45
31	48
30	52
25	44
51	70
23	69
38	59
60	98
21	44
30	46
44	60
44	65
22	45
61	93
39	75
41	70
32	77
42	80
21	48
32	68
27	61
44	76
21	45
27	66
33	74
48	89
57	105
27	53
32	52
34	51
34	50
28	45
24	51
20	44
43	67
27	57
36	60
49	72
30	54
57	81
33	74
29	48
22	50
42	76
63	90
44	65
48	81
54	79
33	65
29	53
31	50
40	57
29	40
76	99
46	86
27	48
58	94
26	52
60	79
32	45
52	73
21	43
39	67
33	61
48	77
38	81
37	80
48	73
78	112
30	57
29	58
25	58
52	86
32	71
41	81
34	84
43	70
48	71
46	65
47	68
35	53
51	76
34	60
35	60
61	85
44	68
44	69
65	87
27	50
36	76
45	72
20	37
46	85
57	85
48	70
59	87
33	60
50	77
30	51
43	65
24	43
49	66
60	80
22	71
44	70
39	75
31	57
53	74
65	84
37	58
45	73
41	71
62	92
43	69
69	114
60	99
41	57
38	80
56	89
33	64
28	67
30	81
62	104
36	74
62	118
53	79
41	61
44	71
29	53
40	64
56	87
48	78
57	84
63	90
67	90
37	66
27	51
34	55
46	79
70	100
58	83
43	81
48	74
39	61
41	68
29	56
32	60
67	87
39	63
66	91
34	57
36	59
48	83
43	70
48	81
47	77
36	59
26	45
23	49
32	60
64	97
73	107
46	76
50	99
44	83
42	68
35	74
36	71
49	86
34	75
31	67
66	109
55	96
50	103
1	24
4	32
6	15
7	43
7	21
1	35
1	31
7	25
3	32
1	46
1	58
1	33
2	66
3	87
1	43
2	61
6	61
2	59
2	44
1	38
1	47
4	39
1	30
1	37
1	37
1	32
1	38
2	72
1	42
1	58
1	39
1	34
1	38
1	36
1	16
1	45
2	71
3	37
5	60
5	76
1	25
2	58
2	61
1	43
2	53
1	41
1	66
1	52
2	92
1	19
1	30
1	26
1	27
1	23
1	29
1	28
1	6
1	32
1	43
2	22
1	28
2	34
3	70
1	35
1	18
1	34
2	33
1	32
1	26
1	31
3	20
1	25
1	22
1	31
1	32
1	32
3	44
1	22
1	40
2	35
1	25
1	23
1	26
1	32
2	46
1	40
1	21
1	12
1	40
1	25
1	42
1	44
3	40
1	33
1	24
1	53
1	59
1	81
1	20
1	19
1	26
1	41
1	18
1	49
1	31
1	36
1	45
1	37
2	46
1	40
1	35
1	78
1	40
1	43
1	56
1	52
1	22
1	35
1	39
1	28
2	35
1	30
1	29
1	29
1	16
1	36
1	33
1	40
1	26
1	26
1	21
1	32
1	37
2	41
1	38
3	38
1	46
2	50
1	14
1	43
1	45
1	12
2	55
1	50
1	56
1	38
1	75
2	31
1	28
1	28
1	35
2	27
2	33
1	28
1	35
6	43
1	37
1	35
1	29
1	39
2	74
2	34
1	36
2	52
1	37
1	25
2	29
3	36
3	41
2	34
1	28
2	32
1	28
1	27
3	68
2	39
6	48
22	62
1	26
2	32
2	28
3	36
1	42
1	40
1	33
1	40
3	64
2	42
5	48
4	53
1	45
5	70
3	48
2	56
1	52
2	58
1	28
3	25
3	27
2	32
1	25
2	33
2	30
2	31
2	34
2	30
3	34
1	30
1	31
1	58
1	31
3	38
5	47
2	34
2	22
2	28
2	32
2	26
2	27
1	29
1	24
3	26
1	29
1	52
1	29
1	37
2	28
1	25
1	27
1	26
4	33
1	30
1	32
1	34
1	36
2	44
1	30
5	42
1	45
1	43
3	53
1	42
4	48
2	50
1	57
5	27
1	16
1	20
1	25
1	27
1	30
1	27
1	28
1	26
1	25
1	23
1	26
1	26
1	59
1	25
3	27
2	34
3	35
1	23
1	26
1	29
1	28
2	22
1	19
1	10
1	21
1	25
1	44
1	24
1	38
1	27
1	18
1	23
1	22
3	33
1	30
1	27
1	27
1	38
2	37
1	31
1	39
2	39
1	31
2	36
3	42
1	40
2	45
3	58
64	87
36	58
33	51
31	53
20	40
18	40
50	74
21	50
23	62
45	68
49	70
34	57
34	61
52	97
24	52
38	68
32	65
21	54
38	60
47	72
47	77
34	64
49	73
21	43
36	59
42	69
45	68
39	81
29	61
54	88
36	69
31	58
25	49
51	71
40	67
46	82
45	74
20	54
36	73
23	60
14	43
38	78
25	61
44	85
25	65
20	60
45	86
25	67
23	75
65	88
28	49
21	43
20	48
18	46
52	75
19	45
56	84
33	60
32	53
26	50
26	44
31	53
22	56
31	58
53	81
45	79
36	68
50	65
27	50
21	47
24	49
43	64
48	60
48	66
42	66
31	56
32	75
19	44
37	68
42	69
27	52
35	54
26	48
25	45
36	69
30	59
29	60
34	70
37	66
33	60
28	60
23	53
45	78
30	62
28	63
37	70
30	66
41	81
45	64
41	57
29	49
27	54
32	56
27	48
25	43
33	53
47	76
58	86
44	67
29	57
21	45
31	75
34	61
31	53
45	78
38	68
45	71
35	58
30	57
43	77
26	49
56	75
15	37
27	54
45	66
27	68
62	90
55	85
50	75
30	54
33	48
29	47
48	77
48	71
52	83
25	58
46	89
31	61
32	54
24	55
27	67
29	67
31	74
35	75
40	72
22	64
25	78
40	67
28	48
35	53
56	72
22	42
43	64
46	63
40	70
25	57
43	65
51	65
21	42
26	44
48	70
17	40
19	36
40	80
39	77
19	42
25	48
50	84
42	73
30	51
15	41
25	47
28	46
51	74
45	86
23	44
30	65
21	49
37	58
37	58
28	49
46	76
24	61
31	55
25	60
15	56
60	99
23	56
20	58
51	84
36	74
24	63
44	81
24	53
34	71
37	92
8	30
4	25
4	31
6	34
8	35
2	38
1	21
3	24
5	51
9	45
3	41
1	35
9	41
5	51
6	40
8	39
4	31
8	47
2	18
4	35
1	32
1	38
3	51
7	14
4	42
3	43
6	39
1	41
4	47
5	60
1	44
1	36
1	22
1	32
4	39
6	52
2	47
1	46
5	76
5	39
5	38
3	52
4	41
1	38
1	62
1	50
3	64
2	51
1	56
3	38
1	30
1	32
4	37
2	41
1	38
1	36
4	48
2	36
1	41
2	37
37	82
1	31
4	50
1	42
1	43
1	52
1	36
2	34
3	39
1	34
1	36
1	44
1	7
1	38
2	24
1	34
1	53
1	40
1	46
1	36
2	34
2	34
1	40
1	42
1	45
1	55
1	38
1	61
3	53
4	41
1	46
3	54
1	45
4	55
5	60
2	52
1	33
1	61
1	27
9	38
3	38
2	38
1	40
1	40
1	37
1	39
1	50
1	34
2	44
3	34
1	31
2	55
7	53
2	36
10	59
2	38
1	36
3	34
2	38
2	41
3	42
3	29
1	32
1	36
1	32
2	50
1	37
1	43
2	44
11	40
3	32
1	47
3	32
1	32
1	56
1	55
1	58
1	47
1	27
2	51
1	55
1	48
1	58
2	60
1	58
4	53
1	67
3	23
1	27
1	34
1	26
1	15
1	25
1	26
2	31
3	42
1	38
1	35
1	44
1	32
2	56
1	36
7	38
1	38
3	48
1	26
1	37
2	39
1	39
2	36
1	25
1	36
2	35
1	28
1	53
3	48
1	40
1	28
1	38
1	33
1	36
1	45
1	24
1	60
3	56
1	56
1	52
1	42
1	43
1	43
1	55
1	57
1	43
1	51
2	60
3	54
1	30
1	33
1	32
2	39
1	33
2	43
1	38
1	39
1	29
2	37
2	32
2	38
3	30
1	53
3	45
3	33
1	59
1	42
1	30
1	33
1	35
1	31
1	23
1	33
1	42
1	34
1	30
1	39
1	34
1	51
1	44
1	33
1	39
1	40
1	44
2	40
1	56
1	36
2	49
2	44
1	28
1	49
2	37
1	55
1	23
1	48
1	52
1	49
5	68
3	34
1	27
2	19
3	44
1	32
1	30
1	36
2	44
1	43
2	37
1	25
1	41
2	41
2	63
4	44
1	34
5	66
3	33
2	28
1	32
2	41
3	42
1	36
1	7
2	37
2	41
1	31
2	57
2	43
1	60
1	42
1	35
1	39
1	27
1	47
2	48
1	49
2	59
2	68
2	68
1	38
1	41
1	50
1	51
1	53
2	48
2	56
1	63
2	73
1	13
1	23
1	28
1	38
1	28
3	41
2	40
1	44
1	42
2	32
1	36
1	35
3	33
2	50
3	39
1	27
1	52
1	36
1	33
1	32
2	37
1	27
1	39
1	26
3	41
1	30
2	25
3	54
3	41
2	48
1	38
1	34
1	32
1	26
3	46
2	44
1	52
2	55
1	64
1	35
1	31
2	55
1	57
1	51
1	53
1	52
1	53
1	64
1	70
2	34
2	30
1	17
1	31
2	33
2	35
2	35
1	37
3	41
1	33
1	34
1	29
1	31
2	56
2	48
2	32
2	58
1	28
1	32
1	30
1	32
1	34
1	39
1	15
3	27
1	27
1	31
2	41
2	41
1	51
1	33
2	38
1	39
1	33
2	45
3	51
1	54
1	44
5	66
2	56
1	39
1	45
2	56
2	46
2	48
5	43
2	52
4	67
2	75
1	33
1	7
1	31
1	37
3	37
2	30
1	34
3	42
1	44
1	37
1	40
4	45
3	31
2	55
1	32
2	38
2	55
1	39
1	32
1	34
2	33
2	36
2	36
2	34
1	32
1	40
2	33
6	55
3	44
2	42
1	28
1	32
3	40
1	26
4	42
2	38
5	49
1	41
4	62
4	52
1	36
1	38
1	53
1	33
2	50
4	41
1	48
1	52
8	68
4	35
1	26
1	30
2	39
1	32
1	27
7	44
1	30
6	43
1	43
6	39
1	34
1	27
1	58
1	40
1	35
1	54
2	41
2	28
2	30
1	27
1	30
1	31
1	28
1	35
1	39
1	26
2	49
1	39
3	53
1	41
1	24
2	38
1	38
3	41
1	44
2	40
1	42
5	74
4	57
3	41
2	49
1	53
6	57
1	45
4	52
1	46
1	51
4	64
3	50
3	26
1	40
1	14
1	28
1	39
1	28
1	29
1	41
1	46
3	33
4	39
1	42
7	83
1	42
1	24
1	49
1	38
1	33
5	34
7	47
1	39
1	28
3	23
4	26
4	22
1	24
3	33
3	36
1	32
1	27
1	29
4	34
7	28
1	37
1	45
1	33
5	44
1	47
1	62
4	40
6	49
3	46
1	37
1	40
1	54
1	70
4	50
3	74
1	29
1	20
1	20
4	27
1	25
1	25
1	25
1	26
1	22
1	28
1	23
1	29
1	23
4	61
1	23
1	26
1	44
1	22
1	14
1	27
1	18
1	19
1	32
1	21
1	25
4	34
1	14
1	60
1	39
1	39
1	26
1	25
1	24
1	28
1	33
1	42
2	47
1	35
2	60
6	65
1	36
1	48
3	49
1	39
1	44
4	46
1	66
1	36
5	79
1	33
1	25
1	31
1	38
1	29
1	32
1	29
1	22
1	40
1	21
1	32
1	31
1	46
1	57
1	30
1	34
1	61
1	36
1	26
1	31
1	33
1	40
1	28
1	15
1	25
1	27
1	28
1	49
1	29
1	42
1	40
1	26
6	39
1	30
1	38
1	38
1	43
1	43
1	50
1	59
1	36
1	44
1	46
1	38
1	47
3	58
3	70
1	70
1	47
1	26
1	14
1	20
1	33
1	7
1	29
1	20
1	21
1	30
1	28
1	29
1	27
1	23
1	49
1	32
1	30
1	36
1	28
1	24
1	22
1	24
1	32
1	32
1	14
1	21
1	21
1	20
1	37
1	25
1	35
1	28
1	22
1	32
1	22
1	22
1	25
1	13
1	32
1	32
1	50
1	26
1	40
1	27
1	34
1	42
4	46
1	51
1	47
1	59
1	17
1	24
1	15
1	10
1	31
1	31
1	28
1	28
1	38
1	31
1	34
1	27
5	45
1	65
1	46
1	31
1	40
1	35
1	14
1	29
1	37
1	28
1	30
1	22
1	22
1	24
1	9
1	42
1	40
1	52
2	29
1	27
1	22
1	25
1	41
1	35
1	40
1	38
2	57
1	58
1	36
1	28
1	53
1	34
1	50
1	52
1	49
1	53
1	80
1	28
1	29
4	30
1	40
1	31
1	42
1	34
1	31
1	40
1	40
1	28
1	30
1	41
1	55
1	45
1	48
1	35
1	42
1	15
1	26
1	31
1	35
1	31
1	17
1	26
1	25
1	23
1	48
1	28
1	47
1	32
1	34
1	33
1	26
1	41
1	32
1	42
1	41
1	64
1	71
1	39
1	44
1	46
1	41
1	45
1	50
1	74
1	40
4	62
1	33
1	26
1	26
1	40
1	31
1	31
7	34
1	26
1	34
1	31
1	30
1	28
1	34
1	58
1	25
1	27
1	54
1	41
1	33
1	25
1	30
1	35
1	29
1	24
1	23
1	24
1	28
1	45
1	36
1	41
1	22
1	22
1	30
1	29
1	22
1	36
1	44
1	36
1	51
1	42
1	40
1	35
1	47
1	38
1	32
1	48
1	45
1	48
1	70
1	27
1	26
1	23
1	25
1	30
1	30
1	30
1	17
1	40
1	34
1	35
1	19
1	34
1	48
1	43
1	21
1	47
1	32
1	25
1	30
1	31
1	23
1	27
1	25
1	26
1	27
1	31
1	42
1	37
1	31
1	33
1	28
1	30
1	21
1	34
1	26
1	50
1	37
1	71
1	55
1	33
1	49
1	42
1	38
1	48
1	52
1	51
1	50
1	69
1	33
1	31
1	28
1	33
1	27
1	25
1	34
1	32
1	38
1	30
1	31
1	30
1	33
1	55
1	30
1	36
1	34
1	35
1	17
1	28
1	33
1	42
1	36
1	22
1	21
1	25
1	25
1	36
1	30
1	37
1	33
1	31
1	34
1	17
1	35
1	36
1	49
1	31
1	45
1	60
1	45
1	47
1	52
5	42
1	52
1	54
1	59
1	43
1	67
1	24
1	20
1	14
1	21
1	29
1	24
1	25
1	24
1	24
1	32
1	22
1	18
1	28
1	62
1	39
1	32
1	48
1	36
1	26
1	33
1	32
1	33
1	27
1	15
1	17
1	26
1	23
1	38
1	30
1	40
1	28
1	25
1	32
1	19
1	36
1	39
1	44
1	38
1	46
1	56
1	42
1	53
1	50
1	56
1	53
1	48
1	58
1	51
1	64
1	43
4	43
1	52
9	53
8	18
3	47
9	49
1	34
8	53
3	42
4	34
6	33
1	29
1	26
8	39
4	36
2	33
4	43
8	43
5	45
5	35
1	9
3	30
3	39
3	46
1	26
10	32
1	45
8	35
1	30
1	48
1	34
1	33
6	33
1	28
1	25
4	27
5	24
1	29
1	41
1	27
5	60
1	43
5	32
1	30
5	23
1	24
5	44
8	53
5	40
1	15
8	63
11	90
5	49
1	11
1	54
3	57
1	29
25	74
2	59
5	49
2	55
1	76
1	28
9	56
9	78
4	50
4	51
4	45
6	50
5	50
1	38
3	42
3	27
6	33
1	35
5	66
3	43
5	58
1	29
1	16
1	24
1	24
4	29
1	28
1	32
1	30
1	30
7	49
1	25
1	27
1	21
3	25
1	43
1	34
1	31
1	34
6	38
1	31
2	42
3	23
4	24
1	31
1	24
2	13
1	23
5	22
4	21
1	34
3	22
5	38
1	25
1	25
1	16
3	24
1	25
1	25
4	33
1	28
4	33
6	51
3	34
2	33
6	27
1	44
3	39
1	39
1	35
1	26
4	49
1	31
4	58
2	48
5	43
3	52
2	55
1	64
4	45
12	50
1	68
11	74
2	56
12	82
1	71
7	84
6	77
1	85
1	26
4	34
1	25
3	27
5	29
5	36
1	32
1	26
5	38
4	31
1	32
3	29
1	27
3	53
1	26
1	32
1	49
1	35
1	35
2	29
1	22
3	19
1	23
4	25
1	28
1	23
7	25
1	46
5	26
2	41
8	38
6	33
1	19
4	30
1	36
1	32
5	38
3	43
1	49
4	47
3	16
3	56
2	54
5	48
2	46
4	47
4	55
5	39
1	60
4	43
4	23
4	31
1	32
5	33
3	16
4	31
1	23
1	38
6	24
6	28
4	26
2	28
3	42
1	35
1	18
1	47
3	34
4	26
1	41
1	24
5	35
3	27
1	22
4	27
5	23
1	26
1	31
5	31
3	45
7	34
5	29
1	24
5	28
4	34
1	35
3	31
2	36
1	30
1	37
5	32
1	50
1	12
1	43
1	50
1	46
1	46
1	39
1	58
5	34
3	31
1	31
1	27
4	31
3	36
1	27
4	39
4	38
1	32
4	31
3	30
1	33
4	47
1	34
1	27
1	43
1	34
1	24
1	34
4	29
5	28
3	30
1	24
1	16
8	28
1	21
5	35
3	30
1	40
5	34
1	26
5	26
1	22
1	40
1	6
1	37
2	37
4	57
6	43
1	27
4	48
2	53
1	43
1	50
1	43
5	53
1	41
1	45
8	53
4	49
6	44
4	42
1	40
8	53
1	42
5	45
6	51
1	36
1	40
7	50
8	44
4	67
1	43
4	48
4	71
1	41
8	42
1	42
1	40
4	40
3	33
4	30
5	36
1	32
4	34
3	56
4	38
4	55
9	52
4	33
6	36
1	35
3	52
1	48
1	48
1	51
3	74
4	63
1	47
1	54
3	62
2	55
1	63
4	64
3	77
1	64
1	87
1	32
5	39
3	38
5	40
1	29
1	26
1	35
4	39
1	25
4	35
1	30
1	36
4	43
3	64
1	42
6	29
5	53
3	46
4	37
8	59
9	46
7	52
4	32
1	30
4	32
8	37
1	23
62	121
3	42
5	66
4	44
5	37
9	35
4	40
6	47
2	38
4	53
5	58
1	47
1	58
1	38
4	79
2	68
1	62
1	68
4	70
4	84
7	68
1	90
3	44
1	39
1	31
3	39
7	35
1	45
1	39
7	41
4	45
7	43
6	36
4	27
1	40
1	33
7	40
1	38
1	58
4	46
4	36
3	38
3	30
4	36
7	40
8	34
4	29
1	26
1	28
1	43
4	34
5	54
1	38
4	39
4	39
1	25
1	25
1	49
4	44
1	43
1	54
3	42
1	44
1	53
1	52
1	45
1	52
1	50
1	61
7	52
1	72
5	28
1	32
1	39
6	38
1	37
3	34
6	34
7	39
6	36
3	35
4	15
1	36
2	32
3	45
3	37
1	35
8	62
1	33
7	41
4	33
4	40
8	37
4	38
4	26
4	28
6	31
1	38
1	43
1	14
1	45
1	17
1	28
4	32
1	27
1	38
3	41
4	43
1	15
1	59
4	53
4	23
5	50
1	48
1	51
4	60
6	55
4	32
3	49
4	79
1	34
2	35
3	34
6	42
1	26
1	29
1	36
1	14
3	34
2	30
1	15
3	31
4	43
1	37
3	40
1	25
1	47
1	33
1	24
1	35
1	35
3	38
1	32
1	25
4	31
5	30
6	30
1	52
4	37
5	51
1	38
3	38
1	32
5	31
2	47
3	47
1	50
3	44
4	71
1	42
5	43
2	57
4	60
1	61
7	52
4	54
1	63
5	53
11	87
5	35
1	32
1	19
1	29
1	33
1	34
1	37
1	31
1	40
1	35
1	26
1	35
1	32
1	55
2	40
1	27
1	40
4	50
1	25
1	33
1	40
1	40
1	15
1	25
2	28
1	34
1	27
1	39
1	40
1	44
1	35
8	36
3	34
1	32
1	38
1	46
1	48
3	44
1	58
1	40
1	40
1	54
1	60
1	42
1	52
1	18
1	70
1	56
1	68
1	31
1	30
1	28
1	27
1	32
1	43
1	40
1	24
1	35
1	23
1	34
4	30
3	31
5	58
5	40
1	31
4	46
4	31
1	23
1	40
1	24
1	28
1	24
4	27
1	27
5	22
5	25
3	56
1	38
1	33
1	27
4	35
5	31
4	26
3	33
5	37
4	43
1	41
1	56
1	48
3	40
4	55
3	52
1	40
8	60
4	38
3	62
3	60
4	76
3	28
1	18
4	33
5	29
2	33
4	37
1	34
1	27
1	29
1	30
1	7
3	25
4	41
2	54
1	36
1	31
1	37
1	38
7	31
5	39
1	8
1	32
2	23
1	22
2	26
1	25
1	15
1	29
1	28
3	36
1	27
1	29
3	23
3	26
1	35
1	31
1	47
2	34
1	66
5	44
5	35
1	40
1	48
1	37
1	39
1	41
1	61
1	49
1	69
1	33
1	31
2	25
4	30
4	36
5	30
2	30
4	34
4	34
7	37
1	28
3	37
3	35
6	46
1	33
6	37
1	44
4	20
2	17
3	18
5	28
1	23
4	27
6	20
7	30
2	24
2	20
1	35
3	24
6	39
4	27
1	24
1	24
1	16
2	30
3	32
3	46
3	9
1	61
3	47
4	39
3	53
4	53
3	47
1	46
5	38
4	42
1	42
1	62
5	31
1	21
4	31
5	40
3	31
1	36
1	35
4	31
4	37
4	30
1	34
3	27
3	36
5	45
4	40
5	33
5	38
4	41
1	17
5	29
2	37
1	34
3	26
2	18
1	16
4	27
2	23
1	43
2	34
5	46
3	36
1	27
4	33
3	31
1	32
3	33
1	47
2	36
3	56
6	50
3	41
3	52
1	10
1	47
1	50
4	46
2	59
3	47
4	72
1	28
5	33
4	37
4	25
3	32
3	39
6	41
4	40
4	45
4	46
1	16
5	40
4	48
1	40
1	41
3	42
1	55
9	47
4	30
3	39
4	42
4	45
1	27
3	20
6	27
5	31
4	20
4	56
5	42
5	50
2	42
2	36
8	40
5	34
3	35
1	46
1	51
1	46
1	73
1	56
2	42
5	64
1	59
2	47
2	58
3	50
6	68
1	53
3	69
2	26
4	29
6	34
4	36
3	35
4	31
1	29
4	37
2	38
1	38
5	30
4	42
5	40
1	50
3	49
3	37
4	46
1	41
2	32
3	37
5	42
5	49
1	28
6	26
4	32
5	39
3	33
1	59
3	40
3	48
4	41
3	22
3	30
1	38
1	38
1	46
5	57
2	38
2	68
5	57
5	38
1	43
1	51
1	42
2	49
1	47
5	66
1	33
3	72
3	32
3	27
4	34
4	35
1	34
8	39
7	43
2	30
3	43
6	43
4	36
8	39
7	45
2	55
6	48
3	40
5	54
4	42
5	35
5	37
2	34
2	33
3	27
2	24
4	26
6	35
1	27
2	40
1	38
4	51
5	36
1	33
8	38
3	35
1	25
2	48
1	26
3	44
2	70
2	50
3	41
5	54
6	60
3	59
2	63
1	51
2	50
3	47
1	75
3	37
1	30
1	23
3	35
2	27
2	35
7	50
1	6
1	44
1	36
7	40
2	27
1	33
1	54
1	33
6	42
1	47
6	39
4	34
1	34
1	39
3	41
6	33
5	21
5	26
4	28
2	28
1	46
1	37
1	42
2	36
4	30
5	34
2	30
1	28
1	34
1	42
2	42
1	67
4	49
4	44
4	59
1	34
1	49
3	50
1	40
1	65
3	55
1	54
